3.872983346207417,5.656854249492381
4.58257569495584,5.744562646538029
4.123105625617661,6.244997998398398
4.69041575982343,5.744562646538029
3.872983346207417,5.656854249492381
2.6457513110645907,5.656854249492381
3.3166247903554,5.830951894845301
2.8284271247461903,6.164414002968976
3.0,5.477225575051661
2.0,6.708203932499369
3.1622776601683795,5.291502622129181
3.4641016151377544,6.0
2.8284271247461903,5.477225575051661
3.4641016151377544,5.656854249492381
3.0,5.477225575051661
2.23606797749979,5.830951894845301
2.8284271247461903,5.830951894845301
2.23606797749979,5.830951894845301
2.0,6.0
3.605551275463989,6.855654600401044
2.8284271247461903,5.744562646538029
2.449489742783178,6.928203230275509
2.8284271247461903,5.385164807134504
2.0,5.830951894845301
1.7320508075688772,6.324555320336759
2.6457513110645907,5.744562646538029
2.449489742783178,6.082762530298219
0.0,6.082762530298219
0.0,6.082762530298219
0.0,6.082762530298219
0.0,6.082762530298219
0.0,6.082762530298219
0.0,6.082762530298219
0.0,6.082762530298219
0.0,6.082762530298219
0.0,6.082762530298219
0.0,6.082762530298219
0.0,6.082762530298219
0.0,6.082762530298219
0.0,6.082762530298219
0.0,6.082762530298219
0.0,6.082762530298219
0.0,6.082762530298219
0.0,6.082762530298219
0.0,6.082762530298219
0.0,6.082762530298219
0.0,6.082762530298219
0.0,6.082762530298219
0.0,6.082762530298219
0.0,6.082762530298219
