2
500
0.13215 0.192134 0.0991277 0.112978 0.115584 0.135646 0.153759 0.148722 0.185241 0.114192 0.139794 0.158746 0.132297 0.119406 0.183933 0.149455 0.135003 0.115415 0.10959 0.148144 0.164993 0.158007 0.110744 0.172685 0.153204 0.104628 0.149856 0.170271 0.150381 0.104406 0.136235 0.102474 0.107543 0.133986 0.124562 0.129953 0.101527 0.100503 0.103279 0.190169 0.111723 0.158555 0.158548 0.172145 0.103143 0.150414 0.128312 0.145036 0.189316 0.161258 0.11213 0.165662 0.124592 0.118379 0.143731 0.102335 0.126548 0.107685 0.182184 0.101018 0.118042 0.121644 0.10724 0.135181 0.180555 0.149245 0.0980545 0.185102 0.160889 0.107168 0.184695 0.0978667 0.173655 0.149813 0.176384 0.185813 0.108342 0.11552 0.138976 0.107369 0.10176 0.164052 0.186802 0.136094 0.103225 0.136951 0.150798 0.140647 0.168119 0.138006 0.149072 0.106667 0.18764 0.165986 0.163412 0.17325 0.121122 0.165053 0.168359 0.105981 0.181755 0.158758 0.112265 0.162908 0.112734 0.103366 0.158702 0.135499 0.118617 0.105448 0.16512 0.134942 0.187612 0.167428 0.102002 0.105675 0.113249 0.155708 0.154928 0.10518 0.112742 0.111194 0.115972 0.112286 0.103051 0.100317 0.101877 0.134845 0.172763 0.167769 0.156784 0.166388 0.134226 0.169949 0.13439 0.173046 0.176782 0.105967 0.117782 0.119328 0.125372 0.110607 0.17081 0.122821 0.187675 0.171882 0.137468 0.114572 0.135043 0.109494 0.126358 0.167305 0.136522 0.174434 0.187357 0.157108 0.18416 0.187443 0.106446 0.163281 0.169978 0.169375 0.140178 0.113859 0.154195 0.102386 0.103418 0.136413 0.107847 0.137215 0.169444 0.165936 0.163714 0.148001 0.110483 0.155588 0.127411 0.15911 0.10039 0.192349 0.187246 0.134487 0.161341 0.134399 0.112021 0.158589 0.105163 0.111911 0.155457 0.110005 0.19055 0.129199 0.106586 0.134813 0.161567 0.167342 0.142123 0.18303 0.118737 0.180642 0.126522 0.106782 0.149731 0.111682 0.169496 0.171213 0.185143 0.109884 0.130499 0.189361 0.109647 0.129306 0.129495 0.187611 0.191064 0.167608 0.155155 0.102644 0.10016 0.117456 0.125466 0.0993659 0.166427 0.146947 0.138659 0.147337 0.118055 0.102894 0.131527 0.162751 0.190859 0.188044 0.179645 0.146481 0.104801 0.158813 0.11947 0.101852 0.18544 0.187157 0.101925 0.108781 0.120899 0.13326 0.105317 0.117621 0.112724 0.166887 0.128871 0.11204 0.103917 0.184181 0.112072 0.185661 0.133234 0.173209 0.138678 0.178125 0.189181 0.189173 0.145412 0.185002 0.185033 0.131325 0.133726 0.0996854 0.112595 0.181865 0.110256 0.105449 0.173793 0.108547 0.111261 0.112739 0.161099 0.131355 0.142498 0.103686 0.109279 0.0988923 0.113957 0.121716 0.188849 0.154426 0.118682 0.127815 0.133751 0.172991 0.119755 0.127878 0.176572 0.101185 0.119894 0.162965 0.137882 0.184385 0.179306 0.167597 0.170294 0.100495 0.185022 0.150427 0.11067 0.111123 0.174044 0.0963635 0.156468 0.128521 0.10144 0.187143 0.127039 0.121132 0.114377 0.129779 0.103831 0.15653 0.18836 0.141335 0.137792 0.117004 0.100411 0.120316 0.121517 0.124685 0.104782 0.179708 0.117957 0.0996643 0.160304 0.109373 0.100979 0.149065 0.172999 0.111192 0.176436 0.157583 0.120901 0.140259 0.104591 0.120214 0.133621 0.150985 0.166126 0.174878 0.102796 0.170183 0.138764 0.102976 0.122219 0.10487 0.133206 0.122 0.125926 0.174554 0.180454 0.150403 0.168634 0.109234 0.14828 0.131429 0.12806 0.158497 0.105964 0.113934 0.0999779 0.1899 0.0992177 0.112769 0.139584 0.106832 0.15995 0.103387 0.165667 0.126269 0.185493 0.185028 0.113537 0.133867 0.102392 0.160569 0.146778 0.13391 0.108337 0.0994444 0.117311 0.104402 0.161963 0.103014 0.111578 0.115973 0.152801 0.169762 0.103471 0.167916 0.104216 0.0965143 0.16655 0.101858 0.12222 0.120047 0.11131 0.103885 0.119567 0.104395 0.147019 0.114159 0.0966445 0.186834 0.169113 0.100575 0.153895 0.123089 0.13341 0.17116 0.131177 0.183976 0.172771 0.10923 0.104001 0.10649 0.141864 0.158673 0.187362 0.153256 0.132442 0.101026 0.164863 0.110195 0.104687 0.108801 0.147767 0.126334 0.111859 0.100233 0.137154 0.188738 0.119356 0.139888 0.18401 0.10823 0.14437 0.13643 0.140959 0.106201 0.111701 0.101783 0.102677 0.105695 0.112244 0.102366 0.118768 0.169734 0.173817 0.112406 0.127556 0.115803 0.113605 0.105953 0.152581 0.137057 0.123821 0.108611 0.188601 0.159309 0.107902 0.135881 0.159699 0.146521 0.102005 0.143945 0.165509 0.152287 0.101938 0.110212 0.170166 0.12228 0.117185 0.173033 0.150864 0.143016 0.189548 0.186056 0.130168 0.168991 0.108751 0.183665 0.104655 0.144482 0.105143 0.17289 0.106385 0.141153 0.101063 0.102053 0.111715 0.112012 0.148538 0.103179 0.176927 0.159105 
1
0.666317 
2
0_mat_ReseauZero500nc
1_mat_ReseauZero500nc
sigimoide
hardlim
