2
300
0.0892047 0.0961548 0.1191 0.0995553 0.0343988 0.159968 0.144139 0.525337 0.22363 0.0980136 0.0851401 0.19099 0.187998 1.10346 0.183687 -0.0199532 0.182243 0.0904759 0.0893886 0.154858 -0.0474389 0.176907 -0.0770006 -0.0500537 0.514545 0.00301229 0.0986812 0.0313367 0.237554 0.0849291 -0.162697 -0.0435293 0.672621 0.107186 0.156042 1.4573 0.0523549 0.194046 0.15002 -0.123104 1.47361 1.03483 0.261863 0.153229 0.152475 0.0952526 0.165289 0.0915124 0.225246 -0.127345 1.52413 0.557235 0.181082 1.39933 1.04872 0.0884712 -0.0500793 0.0265135 0.214342 0.208041 0.11797 0.213694 1.73108 0.0680076 0.0573493 0.124215 0.030606 0.10243 -0.000403695 0.972344 0.10487 0.00328415 0.333441 -0.0445822 0.163998 0.115409 0.0934301 0.0746098 0.188962 -0.0648352 0.0836131 0.164577 0.341004 -0.103791 0.142819 0.3368 0.118307 0.119264 1.12186 0.0141929 0.117976 0.0813379 0.300461 0.135411 0.0707103 1.38542 1.37791 0.140219 0.0539804 0.00704083 0.108687 0.223998 0.0479163 0.0872829 0.255676 1.47694 0.165246 -0.00264239 0.0913787 0.0988634 0.0486261 0.12521 -0.124852 -0.0482951 0.10521 0.198901 0.242276 -0.0660237 0.0736989 0.152507 0.0718187 0.247982 0.287103 1.61273 0.071894 0.0831309 1.85045 0.0575704 0.167186 0.0911822 0.071889 0.105654 0.552682 0.142584 0.145789 0.178081 0.114215 0.0342835 0.192194 0.156005 0.173989 1.68731 0.00656355 0.166316 1.32299 0.158877 0.0626583 0.166274 0.131898 0.121173 0.07613 0.145642 0.0779143 -0.0603252 0.18075 0.10763 0.0885734 0.33004 0.169049 0.0947452 0.991718 1.22554 0.241868 0.853488 0.0735759 0.147373 0.1006 0.861287 0.188721 -0.0195059 0.0922344 0.08644 1.9038 0.103414 -0.0743632 1.10909 -0.0331581 0.0949516 0.141016 0.28396 0.389606 0.203319 0.136964 -0.0995189 1.16734 0.0873985 0.123665 0.0483485 -0.069919 -0.0921249 0.0961422 1.71962 1.75033 0.0677258 0.224807 0.083117 0.219553 0.0384211 0.0550945 0.158894 0.084109 0.121503 -0.114106 0.0925323 -0.082058 -0.0133353 0.057262 -0.0164004 0.112433 0.159262 1.21504 0.0256046 0.122009 0.0975997 0.0202008 0.077921 0.165526 0.14775 0.0960191 0.160175 0.187497 0.434555 0.187531 0.189082 0.0192585 0.0929963 -0.0814164 1.4985 0.101613 0.0864697 0.120743 0.168696 1.08908 0.132437 1.38164 1.35979 0.194795 -0.0453139 -0.0922087 1.88496 0.201132 0.201205 -0.0181444 -0.00416002 0.0802707 0.078515 0.0984378 0.197545 1.18595 0.338399 0.100593 0.0836634 0.11077 -0.0599502 0.0504024 0.198603 0.0930974 0.0861057 0.127772 1.23314 0.112709 -0.008531 0.158876 0.100272 0.210677 0.170703 0.0907622 0.0930992 0.14293 0.0971957 0.0854992 0.063687 0.0105515 0.0659557 0.1424 0.0644739 0.179794 0.929189 0.00831027 0.131488 0.14493 0.165648 -0.105032 0.0218129 0.175606 0.0712437 0.327838 -0.0679627 0.0760948 0.0964121 1.54852 1.358 0.126698 0.0843903 0.114044 0.0907085 0.0162171 0.273217 0.26616 0.370019 
1
5.43279 
2
0_mat_ReseauZero300nc
1_mat_ReseauZero300nc
sigimoide
hardlim
