2
250
-0.110447 -2.56444 -0.00168892 -0.515288 1.22859 -0.187598 -3.23632 -2.60306 -1.31016 -0.569443 -0.716982 -0.150404 -2.38715 -1.45688 0.270357 -1.11524 -0.0695869 -0.895762 -0.176847 -2.44553 -0.953506 -1.02832 -2.01528 6.60039 -0.0486685 -0.0577915 1.01816 -1.95363 0.116001 -3.23589 0.235807 6.94121 -0.191642 2.1321 -0.781233 2.4349 6.54388 -2.59875 -1.2994 -1.37704 -0.199214 -0.205824 -0.0974059 -0.504017 -1.36338 -0.135163 -0.502962 -0.696392 0.0419133 -0.437624 -0.413312 -1.5216 0.024088 1.54087 -0.063451 1.06091 7.17791 2.80406 -0.258133 -1.22528 -0.157972 -0.261334 -0.00137767 -2.37888 -3.19579 -0.46131 -0.596261 0.0345534 -1.21437 1.49386 0.0876803 -0.529172 -0.804187 -0.193978 -1.58243 0.129433 -0.248331 -0.299814 -1.00367 2.55864 -0.0704237 0.02801 0.0303697 -1.9176 -1.00679 -0.0904931 -0.228489 -0.0761568 0.113132 -2.47985 -0.326522 0.325622 -0.868772 -0.435408 0.156756 1.81494 -2.64914 0.0438218 0.0896402 -2.20567 -0.168948 -2.48992 -2.61283 -0.0252347 0.166573 -0.35824 -0.218517 0.637708 -1.19527 0.16258 -1.23837 -2.44932 -0.341623 0.209315 1.66345 1.02765 1.80841 -0.139467 -2.14014 -3.19004 6.186 -1.16391 -0.357094 0.816622 1.49842 -0.426235 0.52423 -0.404989 -2.14775 -1.90035 -0.476008 -0.15635 -1.63883 -1.90352 -1.04774 -2.71768 1.40372 -0.11065 -0.194659 -1.47582 -1.52537 -2.70634 -0.348536 -0.312207 -0.473585 -1.18871 -0.691608 -0.438575 3.43576 -1.36874 -2.66399 -1.10317 0.146741 0.184542 -0.00646464 -0.243497 1.47646 -0.947461 -1.10785 -1.25048 -0.566795 0.0068592 -0.760913 -0.0595368 -0.692587 -2.10708 3.12779 -1.35662 3.10907 -1.12992 -2.72267 0.142089 -0.197923 -0.659579 -0.325491 0.0919309 0.0126428 -0.0992287 -1.07088 -0.452327 -0.342565 6.87944 1.53482 -0.198141 -2.546 1.30761 0.016111 -1.59276 0.0151755 -0.0366806 -0.347653 -2.98191 1.46742 0.0369418 -1.95977 -1.33496 3.4736 0.224554 1.34901 0.0903395 -0.649551 -1.24588 -1.7091 0.137795 2.25641 4.2602 -2.74628 2.18811 -2.93687 -1.76104 6.7711 1.00161 -1.39219 3.04353 0.0151092 -0.137123 0.140998 -0.106796 0.155643 -1.76515 3.461 -0.17807 -0.443133 -2.09324 0.0693586 0.0257122 -0.195788 -2.62186 7.02809 -0.686803 -0.648361 -0.318834 -1.2239 -0.494379 -0.387819 0.0480353 -1.53563 0.10899 -1.62875 1.28304 -1.63056 -0.300442 -0.14218 -0.368222 -0.619645 -1.77078 -1.80326 0.0376641 2.85895 -0.68123 
1
25.7893 
2
0_mat_ReseauZero250nc
1_mat_ReseauZero250nc
sigimoide
hardlim
