2 1
500

0.14661092693046712 0.031380289744471046
0.0

0.32742483862833066 1.0362954430557434
0.0

0.6370683929830467 0.7818817730755276
0.0

0.2727644616931394 0.836094732506826
0.0

0.8534657311647849 0.5973541822237838
0.0

0.8707576211698622 0.6582568300278062
0.0

0.20003267872877917 0.011969364221973033
0.0

0.2893299035577179 0.4381203864094408
0.0

0.5733064423099803 0.7205459774715968
0.0

0.22051509765176697 0.007349237344638271
0.0

0.9185841931161853 -0.14315346576712626
0.0

-0.01495443306202543 0.10670969988583129
0.0

-0.1140629292314647 0.4465842234238259
0.0

1.1393996275396918 1.1634584588008334
0.0

1.0309460097135197 0.08226063678737555
0.0

0.5011130030870026 0.8511041668384371
0.0

0.900176114699887 -0.1290230808682422
0.0

0.9547043614414286 -0.012620746969891766
0.0

0.6365321979266643 0.34735425882493604
0.0

0.3433648375015402 -0.12384239221647901
0.0

1.1194145630332633 0.13734654571980015
0.0

0.8089290270560934 0.9032362238076619
0.0

-0.16881593634704956 -0.19670146862699048
0.0

0.16808990116649436 0.905947417569138
0.0

0.7059218084730827 -0.07279568625864799
0.0

0.7945777870648276 0.5119521858150706
0.0

-0.04766899401861863 0.006937651241173487
0.0

-0.024028886379790004 1.0942280872164094
0.0

0.6896353177996128 0.7481504045157745
0.0

0.5741726282218196 0.4298857233852316
1.0

0.5452725633465283 0.95606469658606
0.0

0.9215081706150874 0.7276456081232718
0.0

0.656860891742614 1.0340886774229354
0.0

0.5473951278657267 0.49589872768291027
1.0

0.12031479221210278 0.25659883857015103
0.0

0.24630361987123095 0.9558500772724041
0.0

0.5794105378142864 0.4160537902175921
1.0

0.5191100253210512 0.09072830108438551
0.0

0.7930200859106908 0.4994513599980361
0.0

0.44953418121046235 0.37833848226982153
1.0

0.060958714156370164 0.010145176269576395
0.0

0.7011881143264627 -0.17622662773559575
0.0

1.195684322730059 -0.06719845707065136
0.0

0.5159502401788387 -0.03548802594680317
0.0

0.4223908478900548 0.21274559543209204
0.0

0.7209878181419143 0.6639289317906625
0.0

0.3164105000415493 1.089242134632083
0.0

0.5107895677049552 0.526166863504546
1.0

-0.16157058639847077 0.1731884552396794
0.0

0.4841600226001465 0.7815087121518087
0.0

-0.06333996686287494 0.7778507531835663
0.0

0.5345408372269993 0.5955486401520864
1.0

0.896585495508837 0.9693689274830257
0.0

1.1496894940378264 0.7773518961173851
0.0

0.841087322598514 0.32955517628161696
0.0

0.36126296152674825 -0.11695526410719231
0.0

0.7262439942625125 -0.16055997670060107
0.0

-0.11047446880727922 -0.026246969834301748
0.0

0.03257975184175088 1.0701582118992632
0.0

0.2854861845601176 0.3288786034803592
0.0

0.955696500811748 0.7754022873387791
0.0

-0.15047152648513906 0.37494181334008564
0.0

-0.13166100613961645 0.18192851341011734
0.0

-0.18385517714093624 0.6929974017941563
0.0

0.13071726298411557 -0.016690305113966603
0.0

1.0778164625619215 0.18908626858106925
0.0

0.2800796838527463 0.9150229386421398
0.0

0.8343260905860312 0.32161433800706557
0.0

0.8882198875826408 0.7677961102940447
0.0

0.8177824233250703 1.0046323754940178
0.0

-0.03669638917429785 0.6940969154699748
0.0

0.7823710538105166 1.1276376141795845
0.0

0.8477152930524012 0.25942642618585116
0.0

0.9980905086107819 0.9385378288933535
0.0

0.024125708987100564 0.059853848928570375
0.0

-0.10707451106988963 0.39571595282678135
0.0

0.05844628809879171 -0.017086962804618105
0.0

0.1728297835179637 0.9098194091351566
0.0

1.1888547268426481 0.6612638954582075
0.0

0.8643995718100448 0.8127941819020983
0.0

0.45238121222720823 0.24233249762191578
0.0

1.004054811187427 0.3758869672179433
0.0

0.9589407302217983 0.43582088552973924
0.0

1.0722195870845845 0.6011081949154793
0.0

0.11261796188868384 0.8423859437964993
0.0

0.5042566471066368 0.7413375728424965
0.0

0.830463544372547 0.8558968630973907
0.0

0.7772473627759215 1.1659890567029507
0.0

0.1820622212499547 -0.008616212550818514
0.0

0.8173754855923885 0.9490561928303023
0.0

0.06762229830603211 0.9882352470165512
0.0

0.3083982025165381 1.0331481415103043
0.0

0.6960956012253892 1.1562703928080151
0.0

1.157864738168522 0.12604347568084107
0.0

0.4076274238374293 0.5492843264060701
1.0

-0.11671670816971606 0.35564509352392265
0.0

0.9295777414817759 1.0060327545292769
0.0

0.08909502617220355 0.44295741312053866
0.0

0.7604467853000414 1.1985628822214789
0.0

0.8658797113027084 0.45132744915226736
0.0

0.05640591287494784 0.319795265011734
0.0

0.7109532158127194 0.19587236949033277
0.0

0.8879655927124994 0.6268870058938956
0.0

0.3499243072230867 0.5979541423665573
1.0

0.9730225074128318 -0.0852956679710737
0.0

-0.04457251208764851 0.7559824031179387
0.0

0.6796047987719556 0.307193159111062
0.0

1.0518426393893865 0.6617427437250674
0.0

0.36825509088045044 -0.03281105571424259
0.0

1.1019192738539727 0.17777591155091982
0.0

0.21311181016077962 0.6123195286713683
0.0

0.3678446083557598 0.9968023866343569
0.0

0.15482737007574826 1.1250132185118755
0.0

0.12196398338472308 0.4888619088157529
0.0

0.6244685277971722 -0.0037860133686963837
0.0

0.9728871516011055 0.09462050587073279
0.0

1.1200329360436934 -0.025148374649238747
0.0

-0.08915176028943379 1.1002773873200196
0.0

0.08528286830734494 0.061152806920789116
0.0

0.47906628538030777 0.9645629509583478
0.0

0.9365557859084808 0.40272538868462443
0.0

-0.17032312249634007 0.6772903712060971
0.0

1.0609928961512214 0.45862721005129164
0.0

0.08667899205502305 1.144771860391327
0.0

0.6899641106007224 0.24409384009625767
0.0

1.0204934310565044 0.21271708631911873
0.0

1.025220468896684 0.30699376093096115
0.0

0.5485053680645735 0.17727223316631557
0.0

0.8927761465479624 1.0589665933761394
0.0

0.8321766400539188 0.9696460281479895
0.0

0.08289764048531623 0.2750074669525298
0.0

0.8277753728089601 0.7916668323464358
0.0

0.22998644389496548 0.03379151392092536
0.0

0.6994111100579496 0.26193789558417385
0.0

0.13620329555306704 1.104374937579742
0.0

1.147957614174876 0.9040339277795988
0.0

0.09033130099897657 -0.17001607571751934
0.0

0.4966523430055801 -0.18073485021417374
0.0

0.7675691734425938 -0.07565880754137919
0.0

0.7582017422273895 0.7849430191533122
0.0

-0.01280026627264208 -0.13789379952290928
0.0

1.0120463319855715 0.8692083911219946
0.0

0.1621061101658796 -0.18218822564641537
0.0

0.8520251811395405 0.4256561756211285
0.0

-0.10966213912697581 -0.09893580994759803
0.0

0.4059755083466034 0.24942426929518058
0.0

0.6435059790573112 0.16189840072037504
0.0

-0.026984455592320683 1.1076495627694833
0.0

0.3059119820933653 0.18804910282397808
0.0

0.8952046849443129 1.1076372279427311
0.0

-0.1982176149016981 0.5403509223756797
0.0

1.0445226304821618 1.1772379951233558
0.0

0.48643750255287216 0.5118866962936262
1.0

0.5899582166854704 0.48510280970328484
1.0

0.23646201323559335 0.18177883989722504
0.0

0.49442567528555686 0.14646354171707354
0.0

0.47889197065634254 0.2918139477315317
0.0

1.1663137033955422 0.7245154519805339
0.0

-0.1449591178638409 0.42750507015809497
0.0

0.5321675146529425 -0.14907312835496622
0.0

0.7360988189296465 0.4988341919678631
0.0

0.627342345078562 0.08139883937149978
0.0

0.8500741114978219 1.0401291147279499
0.0

0.41552340103875557 0.08273226272100198
0.0

0.0709571228453284 0.6344948761771723
0.0

0.02608799930038172 1.1876815709417055
0.0

0.19075008081254902 -0.036627173834799465
0.0

0.22068241539228056 1.1093365875293288
0.0

0.980297086909468 0.005059957773099255
0.0

0.23001627223902227 0.08672766507123675
0.0

0.5448245591047223 -0.14358734670811957
0.0

1.1695455858136157 0.892014586846017
0.0

0.8001399036291454 1.0024170311139784
0.0

1.0810869071936027 0.8442783951462558
0.0

1.100099935259702 0.10146810723407773
0.0

1.037523417360488 0.6671612765657964
0.0

-0.019643799924800753 1.1447771231619825
0.0

0.0974971476604401 1.0254874650311439
0.0

0.10095707243355873 -0.07057014634361661
0.0

1.0740433396386089 -0.038248385734204526
0.0

0.8961261143263324 -0.027259513798847446
0.0

0.15489238863843208 1.1044719023446712
0.0

0.5854702251033916 0.6892913855110816
0.0

0.5772746740254686 0.19318221236421057
0.0

0.936949391141535 0.06558412116568235
0.0

-0.034038559109552974 0.4824188238723572
0.0

0.19630190385047747 1.0406879258252524
0.0

0.8308951913140257 0.4006948725015224
0.0

-0.15924945185089306 0.6507895796269303
0.0

0.539522737466869 0.04764123769348408
0.0

0.29369276352776424 0.5689254069659482
0.0

1.1836239897715572 0.24357259339302023
0.0

0.16433204469162904 0.5828555851689501
0.0

1.1694108677350452 0.604304532298005
0.0

0.6719239677915072 0.8962912273561086
0.0

0.48467159559777057 0.911045608782032
0.0

0.9417770485004306 0.9565520991660899
0.0

1.0634151962196332 0.9502665434448925
0.0

-0.09268352370130363 0.16161987002728712
0.0

0.5218297270305001 0.1825489471262257
0.0

0.4463245583613629 -0.1863195368554297
0.0

-0.06067208872320709 0.3587206298719218
0.0

0.2821497007307423 0.6254189582324965
0.0

0.93095171077837 0.5080109028845003
0.0

0.23724343899272476 0.6384541353615876
0.0

0.1556797698714219 1.0250136273661712
0.0

0.9707899246988159 1.1104509105728648
0.0

1.0558082673353226 0.10502010275824797
0.0

0.9839361168896206 0.303933749399289
0.0

0.7055537265940337 -0.17399053435844766
0.0

-0.15954883485694304 -0.19369502097342184
0.0

0.8105030445060835 0.47458151650813224
0.0

0.7049930881025406 0.34088169098810145
0.0

1.163100297029262 -0.15322898237783264
0.0

0.03965193474865106 0.3441915121943819
0.0

0.8454695383604764 0.8390722087219908
0.0

0.49954700622413034 0.33057191633145583
1.0

0.48144966045504306 0.9218912545654947
0.0

0.2577072149142925 0.4853872245900838
0.0

0.9813716632745666 0.7437790804654036
0.0

0.5110473006142375 0.5898398832700891
1.0

0.4664147479449529 0.5197701812742246
1.0

0.5072210082946942 -0.02816487998978562
0.0

0.29197616360122464 0.9287211061529019
0.0

0.5873135824069688 1.0125614974062234
0.0

-0.1199713585031457 1.141811923490362
0.0

0.14201060762342033 0.8992469511820882
0.0

0.020309588075989454 0.08676528607110773
0.0

1.0419777839146924 0.2705389228409262
0.0

0.9842320324812939 0.6116652702103837
0.0

0.18582803543358267 -0.00930097315263051
0.0

0.6958264925927464 0.18075500359133312
0.0

-0.06494359573418856 1.1879886172450544
0.0

0.434650182962469 0.23444486013962695
0.0

0.10238479771643882 0.30594012383813646
0.0

0.6728275518390328 0.7946217708880865
0.0

0.26174709710133715 0.6403420427385231
0.0

0.1506940024464986 0.054629658265876235
0.0

0.5682667725093185 0.9294516502751706
0.0

0.6035891509749887 0.7372118125976697
0.0

-0.006816321494751254 0.528997662740021
0.0

-0.11948747941085233 0.6435356626609146
0.0

-0.1134464953960401 1.1262890514141926
0.0

0.4137544348655427 0.3782490215582404
1.0

-0.17183167592554704 0.6059760313951008
0.0

0.8647775887217528 0.6310726589829385
0.0

0.8647984066517702 0.5212879380917799
0.0

0.9185536522366444 0.6524077373696087
0.0

0.05415199570530782 0.19512005645082797
0.0

0.45872534635071 0.37385159686602637
1.0

0.3153572386172537 0.589777102690217
0.0

1.0332259647239117 0.7785532001111755
0.0

0.7968159507032004 -0.07809527593876865
0.0

0.43021108748354936 0.9387958775103207
0.0

0.2690698739231817 0.975914233282914
0.0

0.12316656497459294 0.7454446224611686
0.0

0.6101625134917243 0.684594249019365
0.0

-0.04448706723258239 0.8208333823216716
0.0

0.31763496032053257 0.3642410566562822
0.0

-0.12197875259177143 0.3893447497096348
0.0

1.1941528230582448 0.6110076821325949
0.0

0.3255201725767492 0.2098684128094202
0.0

1.1671371006124995 0.28392759996294586
0.0

0.4078284687142542 0.8585208349292386
0.0

0.22631849807166537 0.36630080542581395
0.0

0.7769754204520938 1.165945572315233
0.0

-0.17149459110372067 0.888651865728453
0.0

0.9239243744234296 0.5539148069856528
0.0

0.7325408850544188 1.1289820273799802
0.0

0.9857792112869397 0.6784022318625389
0.0

0.29168041403677974 -0.1320859676233842
0.0

-0.14085349880333425 0.6755750162541514
0.0

0.89008054076566 0.606977811333985
0.0

-0.0057650153011094 1.119123570612216
0.0

0.36637819619099193 0.6557226342740003
0.0

0.050406871822392674 0.8473889138490796
0.0

0.9322850705001613 0.9696742022486826
0.0

1.183612914624854 0.8524253000120787
0.0

0.3732985619897356 0.8451266219135287
0.0

0.020600992352652253 0.20831397338329577
0.0

0.00879990959814464 0.20123132839741337
0.0

0.6451645126793084 0.8225883886157725
0.0

0.6957392751230751 0.7957380012470905
0.0

-0.18947725821536007 0.4164049183403537
0.0

-0.009368735302777209 0.04390557239494147
0.0

0.8876409834850596 0.8615448966610464
0.0

0.6151346609395745 -0.13038270111149158
0.0

-0.07673955988566124 0.35025123052708657
0.0

0.03500709471474131 0.1819008627972542
0.0

0.8987992211289064 0.9612398405895028
0.0

0.18765846903557348 1.114830311210415
0.0

0.09028190187960544 1.1649304657385897
0.0

0.14047012336542936 0.20093942484519633
0.0

0.0881415003428318 1.1381841753353406
0.0

-0.02013088088233736 0.647865621363406
0.0

-0.1525940013506538 0.8872847254609566
0.0

0.7579863318942102 0.4618046525850171
0.0

0.3389527065847852 0.41244132959622964
1.0

1.1642144088514244 0.39586300751456877
0.0

1.109548274442626 0.9873736286837775
0.0

0.7639866443527388 0.5526643406339986
0.0

1.1352531958877594 0.8575722962379184
0.0

0.40964794339310723 -0.17866744826121508
0.0

1.1150513107430213 0.3149095924364254
0.0

0.7708395870705145 0.6384467576189485
0.0

0.38446402056912793 0.3827466359500061
1.0

0.6393091235693704 -0.049826577412031864
0.0

0.4547567328476691 0.3396874729423058
1.0

1.0838173958671335 0.7401209173531007
0.0

0.05938191578584595 0.022557862119006594
0.0

0.3508947153470315 0.47062761005125925
1.0

-0.09627495898662525 1.0937873314454167
0.0

-0.10423994051074142 0.8009067203321898
0.0

-0.15025647987034668 0.40066448337430866
0.0

0.9415880817816324 0.19626731150646332
0.0

0.8083106079318918 0.3074961637348797
0.0

0.6053711764488934 0.8861034383010555
0.0

1.0708032339286961 0.12597198037722035
0.0

0.24906203313228753 0.4332891727006218
0.0

1.0509267540700649 -0.15967158443637722
0.0

0.9845524822892389 0.9806682119433923
0.0

0.9204375472501956 0.4731130334433576
0.0

1.1199283150180896 0.2907612380114231
0.0

-0.12066240671230745 -0.16914882603371673
0.0

0.7903078599282276 0.06217397639986405
0.0

0.7685604990201427 0.5965494927068042
0.0

0.5881640694427619 0.5362123908999175
1.0

0.03253088108590624 1.0492384259544683
0.0

-0.0035773725352579167 -0.15651152651582415
0.0

0.5786056241852247 0.984831888056851
0.0

0.6486319531870397 0.6872488040555282
0.0

0.524957343674149 0.22026801542185082
0.0

1.058429611265061 0.9100642672544834
0.0

0.8943358591082089 0.8457555844070821
0.0

-0.13880903541929224 0.5130486008850361
0.0

1.1613631097369082 0.019977756820516168
0.0

0.01785637278708771 0.17643552643454707
0.0

0.6517809673839969 1.0429371258106719
0.0

0.8791258696843796 0.6516771535152011
0.0

0.6734517450786419 0.3992306108953679
0.0

-0.03192687164868141 0.5731860837861353
0.0

0.6302875895933457 -0.1368003229189435
0.0

0.18968652480675324 0.11198544447884118
0.0

0.1908349628387575 0.7238957502603551
0.0

0.591154866420152 -0.17517225165705644
0.0

0.9948970643056461 0.648545055314923
0.0

0.8566949416608138 -0.07757304069749195
0.0

1.0781473389002278 0.18777957426170694
0.0

-0.1284415322947861 1.0085124944300496
0.0

0.9005157458594644 0.43632785505182886
0.0

0.573002705937758 0.46068885075075544
1.0

0.12598743834898601 0.35747376106368595
0.0

0.9203280332580877 0.7491771154895073
0.0

0.456370442079933 0.22007460372539817
0.0

0.5911335779866991 1.019300527797167
0.0

-0.06070884939664792 -0.05228134514537611
0.0

0.46297926641585624 0.9195638186529933
0.0

0.7031180988503323 0.7851659173714447
0.0

0.569094842964126 0.5740230261527914
1.0

-0.010768362241891705 0.8992782313381205
0.0

0.49215314204065913 1.1405634097045305
0.0

0.7657119000526837 0.28021149529647393
0.0

0.4073959279908546 0.867791498248933
0.0

0.839999496360252 -0.11167403077767148
0.0

-0.01884752593858191 1.1948294966034636
0.0

0.26588777964845367 1.154616566375285
0.0

0.725884027177949 0.8664280419884178
0.0

0.5044693577526891 -0.046540714230213026
0.0

0.9794155303673904 0.7871934234479336
0.0

0.9721583647053134 -0.1911943841910212
0.0

0.4726693548641964 0.654105896932166
1.0

0.3270773798972834 0.7035181585629091
0.0

0.27769551001825077 0.24003692522661685
0.0

0.08106669520802057 1.0543859055917535
0.0

0.09617208813397488 0.37713775582026327
0.0

1.1906966687330984 0.8540054055415498
0.0

0.5065447562434675 1.0220496773650747
0.0

0.6240709652890213 0.62733823453061
1.0

-0.021561695724794994 1.1506766220481015
0.0

0.12350094320868094 0.3191823052414749
0.0

0.7926085640880691 0.8051811703954017
0.0

0.5593814172006626 0.858878285097334
0.0

0.7765487989040536 1.1783234843145862
0.0

0.25880032841192113 0.9132477892337831
0.0

1.1485022965322453 0.5497545833475765
0.0

0.21906808083793344 0.9224455105273786
0.0

1.0502081111534656 -0.11326211491740479
0.0

0.7317078068522014 0.9704578184868287
0.0

0.657324426287065 -0.05625105491633722
0.0

0.03936756428447488 1.0165380636179966
0.0

0.3359762305401999 1.0101156019142878
0.0

1.1420281090118465 -0.09065162240072633
0.0

0.16187098511913117 0.8008331829346484
0.0

1.1337154556371365 0.7926940937329472
0.0

0.2157266447598603 0.16257080045337496
0.0

0.0853390201833234 1.103882278314264
0.0

0.029360248951768808 0.8917827324037808
0.0

0.3021074286970112 0.5640611197074403
0.0

0.6733638465427789 1.1190111734022008
0.0

0.9382428044350422 0.36979279473589427
0.0

0.23294108514324674 1.074341099849434
0.0

0.5900003908660305 0.24264826929326277
0.0

1.170073239016928 0.043461969497055664
0.0

1.1537950985876322 0.9056939204822589
0.0

-0.02233978870611203 0.8501517452515746
0.0

0.8421011724280665 0.06624010959765397
0.0

0.9506696795344345 -0.18839119836579477
0.0

0.6819625432260941 0.6927856656079028
0.0

-0.10916768055917918 0.07151156549871102
0.0

1.0112788011587934 0.39647032768367324
0.0

-0.017470964414064843 0.13079844443126265
0.0

0.4968898150968318 1.012742840580976
0.0

-0.05059956434816659 -0.18033226038301664
0.0

0.5050560036585479 0.9547892433368232
0.0

0.22343394313230264 1.0099748199132548
0.0

1.176563270349421 1.197259400280469
0.0

0.48337709244731236 -0.19737312822021771
0.0

0.7817129677041124 0.493291835608706
0.0

0.9106027587113414 0.48311296525488695
0.0

0.1902295263149486 0.17796903663765873
0.0

1.0973682021033568 0.9739029008530606
0.0

0.09609455160989722 0.28025401895947666
0.0

0.3189383979488088 0.11911480895499632
0.0

-0.11341763809710256 1.1965867908300856
0.0

0.9932615587517761 -0.17653535176489865
0.0

0.9743587707088157 0.5987196032228641
0.0

0.88332531139595 0.012223097420539064
0.0

0.7937352253559817 0.12863457314454535
0.0

0.06217638940391773 0.17047537375290028
0.0

0.3085064940149928 1.092254233083733
0.0

1.0320152328442722 0.3056667847805972
0.0

0.8328017386888236 1.1933819415720077
0.0

0.5651779353389184 -0.019075400511245677
0.0

0.5737049986741729 0.020904742686617656
0.0

0.2862691069137815 -0.1264698892901462
0.0

0.9047668912932829 0.8445078453528239
0.0

0.39927833643715 0.7773849422700123
0.0

0.1396462924270967 0.27587334852589773
0.0

0.12258439320094505 0.9782493540125619
0.0

0.6287860780249452 -0.014303477192413816
0.0

0.314523212437036 0.597932193933939
0.0

0.6610954035771124 0.3605444691428695
0.0

0.4157083813172919 0.8494396417951124
0.0

0.3022186104831916 1.0582921147909523
0.0

0.7969452247907902 0.8136078456612319
0.0

0.1646894249996858 1.146780275516418
0.0

0.3404918487310719 1.132070040381829
0.0

1.1304391728009762 0.9743102266595529
0.0

0.5379388515177277 0.841617696822921
0.0

0.35378082713734765 0.20716907545975716
0.0

0.5754516484935319 0.3781820359457498
1.0

1.032915227954347 -0.16147278402143483
0.0

-0.06349757780794413 0.7886666986272477
0.0

1.1764314940855651 0.032963174661245376
0.0

0.8994653329756745 0.4477346892399378
0.0

0.3620160479372217 -0.18351968488266057
0.0

0.10066963912642357 0.7754937219469924
0.0

0.15638813269730317 1.1317900633854892
0.0

1.15810626177049 -0.06478239243398731
0.0

0.04739312347914376 -0.07863976510458633
0.0

0.1530147861158791 0.001991991765494
0.0

0.3336377829449771 0.3524789753728154
0.0

0.3117423533831955 0.8657173395034501
0.0

0.12854035803866193 0.3274822964285911
0.0

0.6374285386800485 0.7181424222747814
0.0

-0.12420602173513152 0.7666750855586975
0.0

0.19918238473014632 -0.09850351151229975
0.0

1.081165691725433 -0.19115918454327904
0.0

1.0801113945010585 0.9449668376290268
0.0

0.35927187082710693 0.9726008588519113
0.0

-0.06858195359266556 0.9460204284884883
0.0

0.566658527845969 0.8561787165644463
0.0

1.0042647914888005 0.7340295080893366
0.0

0.5242300002520466 1.1429000693585571
0.0

0.7482330649834461 0.23846708488440194
0.0

0.6886141840944986 0.3260357681800466
0.0

0.858350370272025 1.166471240564573
0.0

-0.18177307703877688 0.38100493029646804
0.0

1.069744888630945 0.2579643111563513
0.0

1.1760515719702402 1.129994874731018
0.0

0.03134582883490489 1.0177279280921807
0.0

0.9696773325317154 1.0420990419850502
0.0

0.7080921219629583 -0.19427944554395327
0.0

1.0038940424179363 0.11294568367796459
0.0

1.105100081805055 1.0833387558572125
0.0

0.7633736784088245 0.5652907562179801
0.0

0.7878290459752959 0.6491149195856496
0.0

1.1735910275299528 0.326807592129674
0.0

0.6059870712294722 0.4820152645064834
1.0

-0.13184403235340056 0.12259030388181563
0.0

0.665122521676037 -0.17013759111265866
0.0

0.9396538153105318 0.04809960466419985
0.0

0.780086866380115 0.5122347926505935
0.0

0.10878497987415886 0.22501270520525568
0.0

0.8268949168929278 0.5640157367782397
0.0

0.2749365163914952 0.017352643085656705
0.0

0.7960245573015952 1.1311081006041726
0.0

0.6952397547586269 1.0488211154697151
0.0

0.17709677001020624 0.13399133469295382
0.0

0.44370878588954604 0.9206184335123258
0.0

