2
100
1.65816 1.71037 1.67158 1.65806 1.80062 1.61827 1.65905 1.63388 1.6524 1.64023 1.67759 1.62827 1.71559 1.69016 1.63009 1.77679 1.60676 1.66899 1.72059 1.65467 1.67495 1.5402 1.73028 1.63749 1.7674 1.77915 1.52298 1.54085 1.5648 1.62323 1.72648 1.71948 1.70762 1.57851 1.70439 1.65902 1.69328 1.64091 1.58563 1.71064 1.81328 1.64021 1.65063 1.67816 1.61125 1.68784 1.58214 1.71111 1.6736 1.62671 1.55591 1.67998 1.68454 1.77677 1.67097 1.58409 1.72542 1.6905 1.64602 1.58833 1.60859 1.55873 1.78986 1.65184 1.62298 1.80172 1.63289 1.68777 1.60164 1.70151 1.74366 1.77266 1.63098 1.76844 1.72624 1.79246 1.71226 1.64049 1.67836 1.53872 1.6122 1.72271 1.70173 1.64358 1.6698 1.55545 1.73072 1.68309 1.74181 1.73601 1.77389 1.69294 1.60083 1.71983 1.68537 1.58166 1.64212 1.59496 1.56957 1.74289 
1
0.000769421 
2
0_mat_ReseauDisque3
1_mat_ReseauDisque3
sigimoide
hardlim
