2
70
1.42192 1.54309 1.46163 1.41464 1.54612 1.38408 1.49403 1.35088 1.46529 1.53387 1.53814 1.29091 1.3868 1.4924 1.45546 1.56384 1.53127 1.4826 1.54661 1.41622 1.51319 1.38065 1.49655 1.47926 1.49606 1.46471 1.37995 1.51691 1.31561 1.43971 1.32589 1.48802 1.36663 1.54998 1.47358 1.30846 1.32926 1.35573 1.4028 1.53029 1.45668 1.33427 1.56664 1.58274 1.57337 1.40043 1.52884 1.48148 1.4632 1.43564 1.29747 1.52796 1.38353 1.54615 1.38728 1.45152 1.39282 1.333 1.54891 1.46182 1.55079 1.26729 1.34239 1.49139 1.56036 1.39994 1.34618 1.45238 1.50372 1.5336 
1
0.00873985 
2
0_mat_ReseauDisque2
1_mat_ReseauDisque2
sigimoide
hardlim
