2
200
0.145218 0.103357 0.158015 0.182717 1.31467 0.149366 0.0891313 0.351894 0.140083 0.109144 0.166529 0.0777582 0.101692 0.160622 0.196491 0.157099 0.162466 0.0975735 0.244841 0.107184 0.0900083 0.107166 0.173757 0.0851255 0.177639 0.112599 0.150796 0.116899 0.225072 0.10777 2.5905 0.150883 0.215105 0.19999 0.0951441 0.166857 0.0973036 0.104294 0.124939 0.214496 0.286413 0.0972405 0.209841 0.0818036 0.163679 0.154469 0.153313 0.12723 0.826166 0.162857 0.160669 0.104222 0.0835887 0.11747 0.083894 0.259136 0.144829 0.179631 0.101316 0.141863 0.0935441 0.0825988 0.119056 2.8955 0.151144 0.173924 0.150776 0.101053 0.0897267 0.0826074 0.0880561 0.242928 0.104468 2.76775 0.861996 0.0816106 0.174243 1.09837 0.12655 0.134043 0.101325 0.0968706 0.193112 0.0848029 0.113805 0.0841497 0.0771964 0.114019 0.219858 0.108122 0.100342 0.0908878 0.167754 0.11419 0.0957675 0.0952767 0.09607 0.169603 0.133439 0.104826 0.228454 0.150942 0.115556 0.0960997 0.122806 0.0982457 0.0637883 0.100871 0.244248 0.137661 0.142801 0.095962 0.211141 0.114473 0.19707 0.107789 0.114525 0.149132 0.166878 0.108168 0.10732 0.183877 0.145395 0.172387 0.112601 0.135391 0.0898549 0.151139 0.107577 0.132949 3.29661 0.0941113 0.0870359 0.102877 0.0854886 0.148976 0.157418 0.132516 0.140602 0.182715 0.08819 0.0858947 2.37876 0.196231 0.165073 0.1262 0.0908608 0.107516 0.0935771 0.138406 0.156696 0.1565 0.132943 0.0862921 0.102189 1.39059 0.1891 0.103809 0.174635 0.0818977 0.198158 0.177751 0.114592 0.235919 0.211958 0.154443 0.125722 0.147001 0.0934063 0.08952 0.0930312 0.0955201 0.117922 0.0876596 0.201577 0.100079 0.263411 0.0881751 0.124608 0.0993627 0.158068 0.0842558 0.151615 0.113674 0.095084 0.0893337 0.104423 0.208777 0.127448 0.14488 0.0749518 0.101261 0.122951 0.0986915 0.0890999 0.125113 0.0848883 2.70714 0.095966 0.0929557 
1
1.54535 
2
0_mat_ReseauZero200nc
1_mat_ReseauZero200nc
sigimoide
hardlim
