2
500
0.0957187 0.0583893 0.029309 0.00831106 0.0213954 0.0883804 0.178389 0.0891014 0.117682 0.0237974 0.0372087 0.173683 0.105883 0.0841227 0.00827601 0.0850364 2.58415 0.00867897 0.184005 0.00425721 -0.0444851 0.17431 0.123689 0.0243432 0.00783382 0.0799883 0.0540122 0.0416516 -0.00441601 0.0465675 0.0978858 0.126257 0.0691771 0.100291 0.147654 0.0872052 0.107983 -0.0317273 0.596235 0.0388684 0.482383 0.318431 0.0340903 0.0797251 1.78193 0.11284 0.0405648 0.402915 0.0515861 0.0622197 0.0429931 0.823988 0.00607171 0.121925 0.0856624 0.570337 0.0630901 0.0488665 0.961254 0.11432 0.059589 0.0372985 -0.0025247 0.0596116 0.0265212 -0.0213617 0.0111497 0.137144 0.0842422 0.0962234 0.0466276 3.49974 0.00761922 2.51688 0.0364702 -0.0199446 0.0281197 0.239176 -0.00466839 0.0295077 -0.00846183 0.0279355 0.00462386 0.065883 0.116238 0.0436632 -0.00433238 0.0689904 0.806564 0.0590062 -0.0101078 0.0422683 -0.0947976 0.0288672 0.071921 0.0470879 0.00926421 0.086831 0.0523159 0.0326037 0.133948 0.0210901 0.11942 -0.0210387 0.101684 0.0305195 -0.0293535 -0.00104929 3.17758 0.0905307 0.765483 0.0511162 0.645853 0.0730314 0.107216 0.366323 0.0131427 0.015749 0.0332276 0.0848905 -0.0369923 0.0327884 2.08209 0.161597 0.0956428 0.164802 -0.0322295 0.0106346 0.0331663 0.131344 0.0358771 0.0250343 0.0337508 0.103467 0.132813 0.117574 0.0796088 0.285772 0.0396698 0.0100167 0.0562451 0.046052 0.00695206 3.19983 0.103353 0.257553 0.193174 0.201854 0.0796971 0.402377 0.0494956 0.106135 0.00697598 0.0547181 0.0359386 0.188638 0.142285 0.0728529 2.41697 0.173704 1.92686 -0.0268517 0.0146603 0.0634944 0.0449426 0.062956 0.0285604 0.0529024 0.821921 0.0828423 0.0353809 0.0248741 0.105233 0.0620447 0.0930678 -0.035287 0.120528 -0.0017381 0.0718762 0.334681 0.0978988 0.095781 0.0433606 0.0148103 0.118136 0.0584363 0.0225448 -0.00557014 0.0846459 0.0962515 0.90832 0.0225178 0.174263 0.111589 0.0542337 0.00265497 0.115869 0.639417 -0.0559786 0.0858855 0.0498764 0.0604606 0.179098 0.0116143 0.00685004 1.01194 0.00226725 0.29578 0.0623108 -0.0187549 0.251642 0.0493505 -0.00192178 0.417708 0.369301 -0.0146536 0.0490348 0.147557 0.234077 0.00936421 0.250813 0.0296821 0.00271553 0.107347 0.0595292 0.0785974 0.00452927 0.119701 0.682504 0.0585334 0.371098 0.0337354 0.105035 0.0944326 0.198769 0.0328721 0.0123542 0.0114494 0.219404 0.0106428 0.146531 0.0266276 0.112153 0.279694 0.0745117 0.0456148 0.0777565 0.191572 0.270391 0.107338 -0.0131398 0.0407505 0.178512 0.675612 -0.0109805 0.2392 0.283311 0.0629871 0.0115963 0.370659 0.171393 0.028449 -0.00711056 0.116185 3.20424 0.117459 0.244609 0.0911283 0.030104 0.117025 0.0757877 0.0569555 0.0252688 0.139726 0.0966625 0.206232 0.240084 0.128736 0.0688588 0.0167853 0.93233 0.13499 -0.0583595 0.101884 0.0103363 0.366473 0.19063 0.120991 -0.00459415 0.0527119 0.0895125 -0.0106669 0.0955293 0.0116346 0.202491 0.106552 0.424648 0.0481694 0.039267 0.0133673 0.0113637 0.093447 0.0653998 0.20861 0.583514 0.00787026 0.156464 0.0657867 3.65057 -0.000785861 -0.0374986 0.0485345 0.0859296 0.0748394 0.113932 0.133714 0.499979 0.00839213 0.0332754 0.172371 0.0422797 0.0323139 0.0818295 0.4085 0.144376 0.031719 0.0977026 0.101008 0.0454299 0.0328128 -0.00765265 0.100228 0.13153 -0.0716571 0.0938972 0.0838393 0.071691 0.292088 0.110959 0.0133957 -0.0309282 0.357121 -0.00885622 0.0787543 0.0340817 0.317563 0.396959 0.128065 0.0672175 0.10906 0.110249 0.0630526 0.123127 0.0738321 0.131583 0.0782187 0.034067 0.0382071 0.0354367 0.0830755 0.0107995 0.190812 0.0870047 0.382323 0.47566 0.126118 0.0906653 -0.0184489 0.10148 0.0827436 0.174858 -0.0113559 0.108499 2.96267 0.0507037 -0.00422842 0.399318 -0.0117997 0.66991 0.244395 0.156538 0.0808244 0.112458 0.0745697 -0.0209256 -0.0663717 0.55522 -0.0262581 2.15834 -0.000423925 0.0366703 0.0933974 0.00763742 0.000184528 0.0975844 -0.0044007 0.00122166 -0.00897541 0.0302936 0.0572866 0.0111278 0.108757 0.00596807 -0.0130537 0.000588102 0.016472 0.0790281 0.417908 0.0531649 -0.0199969 0.136762 0.761887 0.292431 -0.0217082 0.0728636 0.81502 -0.0362272 0.0535384 -0.0341643 0.0795719 0.0495805 0.118762 -0.00572403 0.109299 0.100622 0.0516079 -0.0256872 0.0372197 0.0405613 0.024386 0.0835337 0.0976845 0.0258117 0.225276 0.415922 3.00801 -0.00705095 0.0830252 2.6092 0.0691379 0.0141165 0.0925502 1.66119 0.0401777 1.02514 0.0229648 0.0883082 0.0528307 0.0187181 0.170595 0.109156 -0.00360449 -0.00724198 -0.0314912 0.127392 0.00922037 -0.0172681 -0.0287307 0.158497 0.273291 0.10148 0.970673 0.00415155 0.0831976 0.132167 -0.00316614 0.0495428 0.139905 -0.0872192 0.034807 0.138832 0.16211 0.152772 0.11763 0.163707 -0.0168009 0.211511 0.0109901 0.0315987 0.0463933 0.830456 1.28455 0.0305705 -0.0660273 0.100887 0.111565 0.0752433 -0.081326 0.0798103 0.0831516 0.0797258 0.151624 -0.0446756 -0.111452 0.774157 0.0217013 -0.0146449 -0.0201116 0.060666 0.119556 
1
4.70321 
2
0_mat_ReseauZero500nc
1_mat_ReseauZero500nc
sigimoide
hardlim
